1521年沦为西班牙殖民地 1810年9月16日墨西哥人民掀起了反抗西班牙殖民统治的战争 1821年取得独立 1824年10月建立联邦共和国 1917年颁布宪法 6亿平方公里 上海科技馆 上海科技馆分馆 上海自然博物馆 上海自然博物馆的官方微信公众号 上海自然博物馆的官方网站 上海自然博物馆的市民朋友们请注意 为降低观众的等候时长 也是奶茶的发源地 人类已探索的海底只有5 以及第三方合作平台购票 但它却是考古学家的乐居 但是在沙漠的边缘地带 位于牙的内部 光亮 其总面积约为3 出国留学申请人可以将出国留学的相关事务托管于留学中介 到馆再买票的传统购票模式即将改变 北冰洋 印度洋 即植被破坏之后 原生植被可能是草地 后者更是成为了前哥伦布时期北美洲最大的国家阿兹特克帝国 喝由砖茶煮成的咸奶茶 因为出国留学属于我国的特殊行业 因为在那里可以找到很多人类的文物和更早的化石 因为沙漠少有居民 土地沙漠化主要出现在干旱和半干旱区 在干旱气候和大风作用下 在牙根部牙质的外面包有一层粘合质 地球四个主要的大洋为太平洋 地球表面被各大陆地分隔为彼此相通的广大水域称为海洋 地面失去覆盖 坚硬的釉质 墨西哥是美洲大陆印第安人古文化中心之一 大海的海底是未知的 大西洋 大部分以陆地和海底地形线为界 安全的参观体验环境 平均水深约3795米 并在教育部备案才可以经营出国留学事务 形成沙漠的关键因素是气候 所以学生在选择留学中介时一定要合作留学资质 所以资源开发也比较容易 所谓沙漠化 托尔特克文化 改为现国名 明日起实施全网售 是人体最硬的组织 是蒙古族人们的传统饮茶习俗 最初最正宗的就是蒙古奶茶 有意前往上海科技馆 构成牙的主体 正规的留学中介需有留学资质 沙漠气候干燥 沙漠里有时会有可贵的矿床 海洋中含有十三亿五千多万立方千米的水 牙的构造主要是由牙质 牙质致密坚硬 牙骨质 牙骨质和牙髓构成 特奥蒂瓦坎文化 玛雅文化和阿兹特克文化 由于人为原因沙化了 申请人只需要准备和提供出国留学申请材料和考试成绩即可 留学中介是为出国留学人群提供留学签证办理服务及海外院校选择与申请和留学材料的准备提供相关咨询服务的留学机构 目前为止 砖茶是牧民不可缺少的饮品 约占地球上总水量的97 约占地球表面积的71 绿色原野逐步变成类似沙漠景观的过程 羊肉及奶制品为主 而可用于人类饮用只占2 而在牙冠部表面有白色 菜为辅 营造舒适 萨波特克文化 蒙古族主要居住在蒙古国及内蒙古自治区及其毗邻的一些省 蒙古族牧民以食牛 蒙古高原是游牧民族的故乡 观众可通过上海科技馆 近代也发现了很多石油储藏 还有95 这里曾孕育出闻名世界的奥尔梅克文化 釉质 釉质钙化程度最高 

0.0 0.0 0.0 0.0 0.0 0.0 0.0 0.0 0.0 0.0 0.0 0.0 0.0 0.31622776601683794 0.0 0.0 0.0 0.0 0.0 0.0 0.0 0.0 0.0 0.0 0.0 0.0 0.0 0.0 0.31622776601683794 0.0 0.0 0.0 0.0 0.0 0.0 0.0 0.0 0.0 0.0 0.0 0.0 0.0 0.0 0.0 0.0 0.0 0.0 0.0 0.0 0.0 0.0 0.0 0.0 0.0 0.31622776601683794 0.31622776601683794 0.0 0.0 0.0 0.0 0.0 0.0 0.0 0.0 0.0 0.0 0.0 0.0 0.0 0.0 0.0 0.0 0.31622776601683794 0.0 0.0 0.0 0.31622776601683794 0.0 0.0 0.31622776601683794 0.0 0.0 0.31622776601683794 0.31622776601683794 0.31622776601683794 0.0 0.0 0.0 0.0 0.0 0.0 

0.0 0.0 0.0 0.0 0.0 0.0 0.0 0.0 0.0 0.0 0.0 0.0 0.0 0.0 0.0 0.0 0.0 0.0 0.0 0.0 0.0 0.3779644730092272 0.0 0.0 0.0 0.0 0.0 0.0 0.0 0.3779644730092272 0.0 0.0 0.0 0.0 0.0 0.0 0.0 0.0 0.0 0.0 0.0 0.0 0.0 0.0 0.0 0.3779644730092272 0.0 0.3779644730092272 0.0 0.0 0.0 0.0 0.0 0.0 0.0 0.0 0.0 0.0 0.3779644730092272 0.0 0.0 0.0 0.0 0.0 0.0 0.0 0.0 0.0 0.0 0.3779644730092272 0.3779644730092272 0.0 0.0 0.0 0.0 0.0 0.0 0.0 0.0 0.0 0.0 0.0 0.0 0.0 0.0 0.0 0.0 0.0 0.0 0.0 0.0 

0.0 0.0 0.0 0.0 0.0 0.0 0.0 0.0 0.0 0.0 0.0 0.0 0.0 0.0 0.0 0.0 0.0 0.0 0.2773500981126146 0.2773500981126146 0.0 0.0 0.0 0.0 0.0 0.0 0.0 0.0 0.0 0.0 0.0 0.0 0.0 0.0 0.2773500981126146 0.0 0.0 0.0 0.2773500981126146 0.0 0.0 0.0 0.0 0.0 0.0 0.0 0.0 0.0 0.0 0.0 0.0 0.0 0.0 0.2773500981126146 0.0 0.0 0.0 0.2773500981126146 0.0 0.0 0.0 0.0 0.2773500981126146 0.2773500981126146 0.2773500981126146 0.2773500981126146 0.0 0.0 0.0 0.0 0.0 0.0 0.0 0.0 0.0 0.0 0.0 0.0 0.2773500981126146 0.0 0.0 0.0 0.0 0.0 0.0 0.0 0.0 0.0 0.0 0.2773500981126146 0.2773500981126146 

0.0 0.0 0.0 0.0 0.0 0.24253562503633297 0.0 0.0 0.0 0.0 0.0 0.0 0.0 0.0 0.24253562503633297 0.0 0.0 0.0 0.0 0.0 0.24253562503633297 0.0 0.0 0.24253562503633297 0.24253562503633297 0.0 0.0 0.0 0.0 0.0 0.0 0.0 0.0 0.0 0.0 0.24253562503633297 0.24253562503633297 0.0 0.0 0.0 0.24253562503633297 0.24253562503633297 0.24253562503633297 0.0 0.24253562503633297 0.0 0.0 0.0 0.0 0.0 0.0 0.0 0.0 0.0 0.0 0.0 0.0 0.0 0.0 0.0 0.0 0.24253562503633297 0.0 0.0 0.0 0.0 0.0 0.0 0.0 0.0 0.0 0.24253562503633297 0.0 0.24253562503633297 0.24253562503633297 0.0 0.0 0.24253562503633297 0.0 0.0 0.0 0.0 0.0 0.0 0.0 0.0 0.0 0.24253562503633297 0.0 0.0 0.0 

0.2773500981126146 0.2773500981126146 0.2773500981126146 0.2773500981126146 0.2773500981126146 0.0 0.0 0.0 0.0 0.0 0.0 0.0 0.0 0.0 0.0 0.0 0.0 0.0 0.0 0.0 0.0 0.0 0.0 0.0 0.0 0.0 0.0 0.2773500981126146 0.0 0.0 0.0 0.0 0.0 0.0 0.0 0.0 0.0 0.0 0.0 0.2773500981126146 0.0 0.0 0.0 0.0 0.0 0.0 0.0 0.0 0.0 0.0 0.2773500981126146 0.2773500981126146 0.0 0.0 0.0 0.0 0.0 0.0 0.0 0.0 0.0 0.0 0.0 0.0 0.0 0.0 0.2773500981126146 0.2773500981126146 0.0 0.0 0.0 0.0 0.0 0.0 0.0 0.0 0.0 0.0 0.0 0.0 0.0 0.2773500981126146 0.0 0.0 0.0 0.0 0.0 0.0 0.2773500981126146 0.0 0.0 

0.0 0.0 0.0 0.0 0.0 0.0 0.0 0.0 0.0 0.0 0.0 0.0 0.0 0.0 0.0 0.0 0.3779644730092272 0.0 0.0 0.0 0.0 0.0 0.0 0.0 0.0 0.0 0.0 0.0 0.0 0.0 0.3779644730092272 0.3779644730092272 0.0 0.0 0.0 0.0 0.0 0.0 0.0 0.0 0.0 0.0 0.0 0.0 0.0 0.0 0.0 0.0 0.3779644730092272 0.0 0.0 0.0 0.0 0.0 0.0 0.0 0.0 0.0 0.0 0.3779644730092272 0.3779644730092272 0.0 0.0 0.0 0.0 0.0 0.0 0.0 0.0 0.0 0.0 0.0 0.0 0.0 0.0 0.0 0.0 0.0 0.0 0.0 0.0 0.0 0.0 0.0 0.0 0.0 0.3779644730092272 0.0 0.0 0.0 0.0 

0.0 0.0 0.0 0.0 0.0 0.0 0.48507125007266594 0.24253562503633297 0.24253562503633297 0.24253562503633297 0.24253562503633297 0.24253562503633297 0.24253562503633297 0.0 0.0 0.24253562503633297 0.0 0.0 0.0 0.0 0.0 0.0 0.24253562503633297 0.0 0.0 0.0 0.0 0.0 0.0 0.0 0.0 0.0 0.0 0.0 0.0 0.0 0.0 0.0 0.0 0.0 0.0 0.0 0.0 0.24253562503633297 0.0 0.0 0.0 0.0 0.0 0.0 0.0 0.0 0.24253562503633297 0.0 0.0 0.0 0.24253562503633297 0.0 0.0 0.0 0.0 0.0 0.0 0.0 0.0 0.0 0.0 0.0 0.0 0.0 0.0 0.0 0.0 0.0 0.0 0.0 0.0 0.0 0.0 0.0 0.24253562503633297 0.0 0.0 0.0 0.0 0.24253562503633297 0.0 0.0 0.0 0.0 0.0 

0.0 0.0 0.0 0.0 0.0 0.0 0.0 0.0 0.0 0.0 0.0 0.0 0.0 0.0 0.0 0.0 0.0 0.31622776601683794 0.0 0.0 0.0 0.0 0.0 0.0 0.0 0.31622776601683794 0.31622776601683794 0.0 0.0 0.0 0.0 0.0 0.31622776601683794 0.31622776601683794 0.0 0.0 0.0 0.31622776601683794 0.0 0.0 0.0 0.0 0.0 0.0 0.0 0.0 0.31622776601683794 0.0 0.0 0.31622776601683794 0.0 0.0 0.0 0.0 0.0 0.0 0.0 0.0 0.0 0.0 0.0 0.0 0.0 0.0 0.0 0.0 0.0 0.0 0.31622776601683794 0.0 0.0 0.0 0.0 0.0 0.0 0.31622776601683794 0.0 0.0 0.0 0.0 0.0 0.0 0.0 0.0 0.0 0.0 0.0 0.0 0.0 0.0 0.0 

